Ebas_181012_2340/NO0042G.20180725230000.20181012211209.uv_abs.ozone.air.3mo.1h.NO01L_uv_abs_uk_0042_NRT.NO01L_uv_abs.lev1.5.nas
57 1001
Aas, Wenche
NO01L, Norwegian Institute for Air Research, NILU, Atmosphere and Climate Department, Instituttveien 18, , 2007, Kjeller, Norway
Rud, Richard
EMEP_NRT GAW-WDCRG_NRT NILU_NRT
1 1
2018 01 01 2018 10 12
0
days from file reference point
4
1 1 1 1
999.999999 999.9 999.99 9.999
end_time of measurement, days from the file reference point
ozone, nmol/mol
ozone, ug/m3, Volume std. temperature=293.15 K, Volume std. pressure=1013.25 hPa
numflag, no unit
0
39
Data definition:              EBAS_1.1
Set type code:                TI
Timezone:                     UTC
File name:                    NO0042G.20180725230000.20181012211209.uv_abs.ozone.air.3mo.1h.NO01L_uv_abs_uk_0042_NRT.NO01L_uv_abs.lev1.5.nas
File creation:                20181012214025
Startdate:                    20180725230000
Revision date:                20181012211209
Version:                      1
Version description:          initial revision
Statistics:                   arithmetic mean
Data level:                   1.5
Period code:                  3mo
Resolution code:              1h
Sample duration:              1h
Station code:                 NO0042G
Platform code:                NO0042S
Station name:                 Zeppelin mountain (Ny-Ålesund)
Station WDCA-ID:              GAWANO__ZEP
Station GAW-ID:               ZEP
Station GAW-Name:             Zeppelin Mountain (Ny Ålesund)
Station land use:             Gravel and stone
Station setting:              Polar
Station GAW type:             G
Station WMO region:           6
Station latitude:             78.90715
Station longitude:            11.88668
Station altitude:             474.0m
Regime:                       IMG
Component:                    ozone
Unit:                         
Matrix:                       air
Instrument type:              uv_abs
Laboratory code:              NO01L
Instrument name:              uv_abs_uk_0042_NRT
Method ref:                   NO01L_uv_abs
Originator:                   Aas, Wenche, waa@nilu.no, Norwegian Institute for Air Research, NILU, Atmosphere and Climate Department, Instituttveien 18, , 2007, Kjeller, Norway
Submitter:                    Rud, Richard, ror@nilu.no, Norwegian Institute for Air Research, NILU, Atmosphere and Climate Department, Instituttveien 18, , 2007, Kjeller, Norway
Comment:                      Data converted on import into EBAS from 'nmol/mol' to 'ug/m3' at 293.15 K, 1013.25 hPa, no conversion factor (no nonzero, valid values).
starttime endtime O3 O3 flag
[from data line 1561]
278.000000 278.041667  31.0  61.94 0.000
278.041667 278.083333  30.7  61.29 0.000
278.083333 278.125000  30.9  61.57 0.000
278.125000 278.166667  30.8  61.50 0.000
278.166667 278.208333  30.8  61.38 0.000
278.208333 278.250000  30.5  60.93 0.000
278.250000 278.291667  30.4  60.62 0.000
278.291667 278.333333  30.2  60.33 0.000
278.333333 278.375000  29.1  58.15 0.000
278.375000 278.416667  28.7  57.21 0.000
278.416667 278.458333  28.2  56.35 0.000
278.458333 278.500000  27.9  55.75 0.000
278.500000 278.541667  28.0  55.90 0.000
278.541667 278.583333  27.7  55.33 0.000
278.583333 278.625000  27.4  54.68 0.000
278.625000 278.666667  28.4  56.63 0.000
278.666667 278.708333  28.5  56.95 0.000
278.708333 278.750000  29.4  58.63 0.000
278.750000 278.791667  28.6  56.99 0.000
278.791667 278.833333  28.7  57.32 0.000
278.833333 278.875000  29.0  57.96 0.000
278.875000 278.916667  29.6  59.02 0.000
278.916667 278.958333  28.9  57.60 0.000
278.958333 279.000000  29.1  58.02 0.000
279.000000 279.041667  27.5  54.82 0.000
279.041667 279.083333  27.0  53.92 0.000
279.083333 279.125000  27.0  53.95 0.000
279.125000 279.166667  27.3  54.47 0.000
279.166667 279.208333  27.7  55.27 0.000
279.208333 279.250000  28.5  56.78 0.000
279.250000 279.291667  29.2  58.29 0.000
279.291667 279.333333  29.6  58.99 0.000
279.333333 279.375000  30.4  60.65 0.000
279.375000 279.416667  30.1  60.02 0.000
279.416667 279.458333  30.5  60.94 0.000
279.458333 279.500000  31.5  62.80 0.000
279.500000 279.541667  31.6  62.98 0.000
279.541667 279.583333  31.6  63.07 0.000
279.583333 279.625000  31.6  63.09 0.000
279.625000 279.666667  31.8  63.46 0.000
279.666667 279.708333  31.8  63.43 0.000
279.708333 279.750000  32.1  64.12 0.000
279.750000 279.791667  32.2  64.16 0.000
279.791667 279.833333  31.9  63.68 0.000
279.833333 279.875000  32.1  64.15 0.000
279.875000 279.916667  32.4  64.63 0.000
279.916667 279.958333  32.6  65.11 0.000
279.958333 280.000000  31.9  63.59 0.000
280.000000 280.041667  32.4  64.65 0.000
280.041667 280.083333  29.4  58.75 0.000
280.083333 280.125000  25.6  51.06 0.000
280.125000 280.166667  25.2  50.20 0.000
280.166667 280.208333  25.4  50.66 0.000
280.208333 280.250000  25.9  51.70 0.000
280.250000 280.291667  25.9  51.77 0.000
280.291667 280.333333  27.0  53.84 0.000
280.333333 280.375000  29.8  59.41 0.000
280.375000 280.416667  29.4  58.65 0.000
280.416667 280.458333  29.4  58.64 0.000
280.458333 280.500000  29.5  58.90 0.000
280.500000 280.541667  30.2  60.24 0.000
280.541667 280.583333  30.8  61.39 0.000
280.583333 280.625000  31.2  62.34 0.000
280.625000 280.666667  31.1  62.01 0.000
280.666667 280.708333  31.4  62.64 0.000
280.708333 280.750000  31.8  63.51 0.000
280.750000 280.791667  32.1  64.02 0.000
280.791667 280.833333  31.0  61.84 0.000
280.833333 280.875000  29.5  58.83 0.000
280.875000 280.916667  28.4  56.59 0.000
280.916667 280.958333  29.7  59.33 0.000
280.958333 281.000000  27.9  55.59 0.000
281.000000 281.041667  27.3  54.52 0.000
281.041667 281.083333  27.0  53.96 0.000
281.083333 281.125000  26.3  52.53 0.000
281.125000 281.166667  26.6  53.01 0.000
281.166667 281.208333  26.9  53.59 0.000
281.208333 281.250000  27.5  54.85 0.000
281.250000 281.291667  28.3  56.52 0.000
281.291667 281.333333  27.6  55.17 0.000
281.333333 281.375000  27.5  54.90 0.000
281.375000 281.416667  28.3  56.55 0.000
281.416667 281.458333  29.2  58.21 0.000
281.458333 281.500000  29.3  58.48 0.000
281.500000 281.541667  29.4  58.72 0.000
281.541667 281.583333  29.6  59.06 0.000
281.583333 281.625000  29.6  59.16 0.000
281.625000 281.666667  29.4  58.66 0.000
281.666667 281.708333  30.1  60.01 0.000
281.708333 281.750000  30.7  61.18 0.000
281.750000 281.791667  30.6  61.09 0.000
281.791667 281.833333  30.6  61.10 0.000
281.833333 281.875000  30.8  61.49 0.000
281.875000 281.916667  30.8  61.48 0.000
281.916667 281.958333  30.7  61.29 0.000
281.958333 282.000000  30.5  60.93 0.000
282.000000 282.041667  30.9  61.71 0.000
282.041667 282.083333  30.9  61.59 0.000
282.083333 282.125000  30.6  61.12 0.000
282.125000 282.166667  30.4  60.68 0.000
282.166667 282.208333  31.1  62.15 0.000
282.208333 282.250000  31.0  61.79 0.000
282.250000 282.291667  31.4  62.72 0.000
282.291667 282.333333  31.1  61.97 0.000
282.333333 282.375000  31.0  61.87 0.000
282.375000 282.416667  31.2  62.31 0.000
282.416667 282.458333  31.5  62.79 0.000
282.458333 282.500000  31.4  62.62 0.000
282.500000 282.541667  31.3  62.53 0.000
282.541667 282.583333  31.0  61.85 0.000
282.583333 282.625000  30.8  61.42 0.000
282.625000 282.666667  30.8  61.38 0.000
282.666667 282.708333  30.7  61.27 0.000
282.708333 282.750000  30.7  61.24 0.000
282.750000 282.791667  30.9  61.71 0.000
282.791667 282.833333  31.2  62.25 0.000
282.833333 282.875000  31.0  61.87 0.000
282.875000 282.916667  31.0  61.87 0.000
282.916667 282.958333  30.9  61.56 0.000
282.958333 283.000000  31.0  61.87 0.000
283.000000 283.041667  32.3  64.49 0.000
283.041667 283.083333  34.0  67.76 0.000
283.083333 283.125000  35.4  70.66 0.000
283.125000 283.166667  35.9  71.70 0.000
283.166667 283.208333  35.8  71.48 0.000
283.208333 283.250000  36.4  72.56 0.000
283.250000 283.291667  37.8  75.43 0.000
283.291667 283.333333  38.4  76.71 0.000
283.333333 283.375000  38.1  75.96 0.000
283.375000 283.416667  37.8  75.43 0.000
283.416667 283.458333  37.4  74.66 0.000
283.458333 283.500000  37.1  74.05 0.000
283.500000 283.541667  37.0  73.81 0.000
283.541667 283.583333  36.7  73.31 0.000
283.583333 283.625000  36.9  73.58 0.000
283.625000 283.666667  37.6  74.96 0.000
283.666667 283.708333  36.6  73.09 0.000
283.708333 283.750000  36.3  72.51 0.000
283.750000 283.791667  36.2  72.19 0.000
283.791667 283.833333  36.0  71.91 0.000
283.833333 283.875000  36.6  72.93 0.000
283.875000 283.916667  36.7  73.28 0.000
283.916667 283.958333  37.4  74.55 0.000
283.958333 284.000000  37.3  74.43 0.000
