Ebas_181012_2340/NO0042G.20180725230000.20181012211209.uv_abs.ozone.air.3mo.1h.NO01L_uv_abs_uk_0042_NRT.NO01L_uv_abs.lev1.5.nas
57 1001
Aas, Wenche
NO01L, Norwegian Institute for Air Research, NILU, Atmosphere and Climate Department, Instituttveien 18, , 2007, Kjeller, Norway
Rud, Richard
EMEP_NRT GAW-WDCRG_NRT NILU_NRT
1 1
2018 01 01 2018 10 12
0
days from file reference point
4
1 1 1 1
999.999999 999.9 999.99 9.999
end_time of measurement, days from the file reference point
ozone, nmol/mol
ozone, ug/m3, Volume std. temperature=293.15 K, Volume std. pressure=1013.25 hPa
numflag, no unit
0
39
Data definition:              EBAS_1.1
Set type code:                TI
Timezone:                     UTC
File name:                    NO0042G.20180725230000.20181012211209.uv_abs.ozone.air.3mo.1h.NO01L_uv_abs_uk_0042_NRT.NO01L_uv_abs.lev1.5.nas
File creation:                20181012214025
Startdate:                    20180725230000
Revision date:                20181012211209
Version:                      1
Version description:          initial revision
Statistics:                   arithmetic mean
Data level:                   1.5
Period code:                  3mo
Resolution code:              1h
Sample duration:              1h
Station code:                 NO0042G
Platform code:                NO0042S
Station name:                 Zeppelin mountain (Ny-Ålesund)
Station WDCA-ID:              GAWANO__ZEP
Station GAW-ID:               ZEP
Station GAW-Name:             Zeppelin Mountain (Ny Ålesund)
Station land use:             Gravel and stone
Station setting:              Polar
Station GAW type:             G
Station WMO region:           6
Station latitude:             78.90715
Station longitude:            11.88668
Station altitude:             474.0m
Regime:                       IMG
Component:                    ozone
Unit:                         
Matrix:                       air
Instrument type:              uv_abs
Laboratory code:              NO01L
Instrument name:              uv_abs_uk_0042_NRT
Method ref:                   NO01L_uv_abs
Originator:                   Aas, Wenche, waa@nilu.no, Norwegian Institute for Air Research, NILU, Atmosphere and Climate Department, Instituttveien 18, , 2007, Kjeller, Norway
Submitter:                    Rud, Richard, ror@nilu.no, Norwegian Institute for Air Research, NILU, Atmosphere and Climate Department, Instituttveien 18, , 2007, Kjeller, Norway
Comment:                      Data converted on import into EBAS from 'nmol/mol' to 'ug/m3' at 293.15 K, 1013.25 hPa, no conversion factor (no nonzero, valid values).
starttime endtime O3 O3 flag
[from data line 781]
242.500000 242.541667  28.8  57.48 0.000
242.541667 242.583333  29.1  58.06 0.000
242.583333 242.625000  28.9  57.69 0.000
242.625000 242.666667  28.8  57.41 0.000
242.666667 242.708333  29.2  58.24 0.000
242.708333 242.750000  29.8  59.51 0.000
242.750000 242.791667  29.5  58.92 0.000
242.791667 242.833333  30.0  59.83 0.000
242.833333 242.875000  30.2  60.26 0.000
242.875000 242.916667  31.7  63.17 0.000
242.916667 242.958333  34.0  67.91 0.000
242.958333 243.000000  32.9  65.72 0.000
243.000000 243.041667  34.2  68.26 0.000
243.041667 243.083333  35.1  70.11 0.000
243.083333 243.125000  35.5  70.79 0.000
243.125000 243.166667  36.4  72.57 0.000
243.166667 243.208333  36.5  72.78 0.000
243.208333 243.250000  35.5  70.79 0.000
243.250000 243.291667  35.0  69.83 0.000
243.291667 243.333333  35.0  69.80 0.000
243.333333 243.375000  34.2  68.31 0.000
243.375000 243.416667  33.9  67.64 0.000
243.416667 243.458333  34.0  67.76 0.000
243.458333 243.500000  34.0  67.88 0.000
243.500000 243.541667  34.3  68.53 0.000
243.541667 243.583333  34.6  69.04 0.000
243.583333 243.625000  34.6  69.05 0.000
243.625000 243.666667  35.2  70.23 0.000
243.666667 243.708333  35.4  70.63 0.000
243.708333 243.750000  35.0  69.93 0.000
243.750000 243.791667  34.7  69.28 0.000
243.791667 243.833333  34.8  69.45 0.000
243.833333 243.875000  35.0  69.76 0.000
243.875000 243.916667  35.4  70.69 0.000
243.916667 243.958333  35.7  71.29 0.000
243.958333 244.000000  36.2  72.17 0.000
244.000000 244.041667  35.7  71.28 0.000
244.041667 244.083333  35.3  70.34 0.000
244.083333 244.125000  36.8  73.33 0.000
244.125000 244.166667  36.4  72.54 0.000
244.166667 244.208333  34.3  68.49 0.000
244.208333 244.250000  34.4  68.68 0.000
244.250000 244.291667  35.1  70.13 0.000
244.291667 244.333333  35.1  70.10 0.000
244.333333 244.375000  35.0  69.85 0.000
244.375000 244.416667  35.0  69.76 0.000
244.416667 244.458333  35.2  70.17 0.000
244.458333 244.500000  36.1  72.04 0.000
244.500000 244.541667  36.0  71.86 0.000
244.541667 244.583333  36.1  71.98 0.000
244.583333 244.625000  35.9  71.59 0.000
244.625000 244.666667  34.9  69.67 0.000
244.666667 244.708333  33.3  66.37 0.000
244.708333 244.750000  33.1  66.07 0.000
244.750000 244.791667  33.0  65.77 0.000
244.791667 244.833333  32.7  65.15 0.000
244.833333 244.875000  32.9  65.56 0.000
244.875000 244.916667  32.7  65.30 0.000
244.916667 244.958333  32.6  65.14 0.000
244.958333 245.000000  32.3  64.54 0.000
245.000000 245.041667  32.6  65.07 0.000
245.041667 245.083333  32.5  64.86 0.000
245.083333 245.125000  32.4  64.59 0.000
245.125000 245.166667  33.2  66.25 0.000
245.166667 245.208333  33.5  66.87 0.000
245.208333 245.250000  33.1  66.00 0.000
245.250000 245.291667  32.1  64.06 0.000
245.291667 245.333333  31.8  63.37 0.000
245.333333 245.375000  31.2  62.18 0.000
245.375000 245.416667  31.5  62.91 0.000
245.416667 245.458333  32.0  63.78 0.000
245.458333 245.500000  32.3  64.38 0.000
245.500000 245.541667  32.3  64.42 0.000
245.541667 245.583333  32.5  64.94 0.000
245.583333 245.625000  33.4  66.73 0.000
245.625000 245.666667  33.7  67.19 0.000
245.666667 245.708333  33.4  66.60 0.000
245.708333 245.750000  33.8  67.44 0.000
245.750000 245.791667  33.6  66.97 0.000
245.791667 245.833333  34.4  68.62 0.000
245.833333 245.875000  33.6  67.13 0.000
245.875000 245.916667  31.8  63.44 0.000
245.916667 245.958333  32.4  64.71 0.000
245.958333 246.000000  32.5  64.82 0.000
246.000000 246.041667  32.5  64.79 0.000
246.041667 246.083333  31.7  63.19 0.000
246.083333 246.125000  31.4  62.68 0.000
246.125000 246.166667  30.7  61.33 0.000
246.166667 246.208333  30.1  60.15 0.000
246.208333 246.250000  30.4  60.67 0.000
246.250000 246.291667  30.0  59.77 0.000
246.291667 246.333333  29.7  59.36 0.000
246.333333 246.375000  29.5  58.78 0.000
246.375000 246.416667  29.3  58.37 0.000
246.416667 246.458333  28.1  56.09 0.000
246.458333 246.500000  28.8  57.51 0.000
246.500000 246.541667  29.4  58.63 0.000
246.541667 246.583333  29.8  59.54 0.000
246.583333 246.625000  29.7  59.27 0.000
246.625000 246.666667  29.3  58.52 0.000
246.666667 246.708333  28.2  56.35 0.000
246.708333 246.750000  28.0  55.82 0.000
246.750000 246.791667  27.3  54.51 0.000
246.791667 246.833333  28.4  56.76 0.000
246.833333 246.875000  29.4  58.60 0.000
246.875000 246.916667  28.8  57.46 0.000
246.916667 246.958333  28.8  57.50 0.000
246.958333 247.000000  30.1  60.01 0.000
248.000000 248.041667  36.7  73.30 0.000
248.041667 248.083333  35.5  70.78 0.000
248.083333 248.125000  35.2  70.19 0.000
248.125000 248.166667  35.0  69.78 0.000
248.166667 248.208333  32.7  65.26 0.000
248.208333 248.250000  30.5  60.77 0.000
248.250000 248.291667  31.7  63.31 0.000
248.291667 248.333333  31.8  63.54 0.000
248.333333 248.375000  32.8  65.38 0.000
248.375000 248.416667  32.1  63.97 0.000
248.416667 248.458333  31.5  62.93 0.000
248.458333 248.500000  31.8  63.36 0.000
248.500000 248.541667  32.5  64.85 0.000
248.541667 248.583333  32.6  65.02 0.000
248.583333 248.625000  31.9  63.75 0.000
248.625000 248.666667  32.4  64.55 0.000
248.666667 248.708333  32.5  64.86 0.000
248.708333 248.750000  31.9  63.65 0.000
248.750000 248.791667  31.3  62.50 0.000
248.791667 248.833333  32.2  64.17 0.000
248.833333 248.875000  32.5  64.93 0.000
248.875000 248.916667  32.8  65.43 0.000
248.916667 248.958333  33.5  66.80 0.000
248.958333 249.000000  33.4  66.61 0.000
249.000000 249.041667  33.8  67.43 0.000
249.041667 249.083333  33.7  67.30 0.000
249.083333 249.125000  33.5  66.94 0.000
249.125000 249.166667  33.7  67.33 0.000
249.166667 249.208333  33.8  67.44 0.000
249.208333 249.250000  33.7  67.16 0.000
249.250000 249.291667  33.8  67.43 0.000
249.291667 249.333333  34.3  68.44 0.000
249.333333 249.375000  34.2  68.25 0.000
249.375000 249.416667  34.1  68.14 0.000
249.416667 249.458333  34.1  68.14 0.000
249.458333 249.500000  34.1  67.95 0.000
249.500000 249.541667  33.7  67.28 0.000
249.541667 249.583333  33.6  67.13 0.000
249.583333 249.625000  35.5  70.87 0.000
249.625000 249.666667  36.2  72.15 0.000
249.666667 249.708333  36.8  73.40 0.000
249.708333 249.750000  36.7  73.18 0.000
249.750000 249.791667  36.9  73.62 0.000
249.791667 249.833333  36.7  73.24 0.000
249.833333 249.875000  36.8  73.34 0.000
249.875000 249.916667  36.1  72.07 0.000
249.916667 249.958333  36.0  71.84 0.000
249.958333 250.000000  35.9  71.73 0.000
250.000000 250.041667  36.9  73.60 0.000
250.041667 250.083333  37.6  75.07 0.000
250.083333 250.125000  38.3  76.49 0.000
250.125000 250.166667  38.3  76.48 0.000
250.166667 250.208333  38.1  75.98 0.000
250.208333 250.250000  37.7  75.27 0.000
250.250000 250.291667  37.4  74.71 0.000
250.291667 250.333333  37.1  73.98 0.000
250.333333 250.375000  36.8  73.33 0.000
250.375000 250.416667  36.5  72.86 0.000
250.416667 250.458333  36.4  72.59 0.000
250.458333 250.500000  36.5  72.74 0.000
250.500000 250.541667  35.9  71.67 0.000
250.541667 250.583333  35.7  71.18 0.000
250.583333 250.625000  36.2  72.27 0.000
250.625000 250.666667  36.5  72.79 0.000
250.666667 250.708333  36.2  72.28 0.000
250.708333 250.750000  36.4  72.57 0.000
250.750000 250.791667  36.3  72.44 0.000
250.791667 250.833333  36.5  72.77 0.000
250.833333 250.875000  36.7  73.32 0.000
250.875000 250.916667  36.9  73.63 0.000
250.916667 250.958333  36.2  72.32 0.000
250.958333 251.000000  33.3  66.53 0.000
251.000000 251.041667  31.2  62.23 0.000
251.041667 251.083333  30.8  61.37 0.000
251.083333 251.125000  32.3  64.35 0.000
251.125000 251.166667  34.0  67.75 0.000
251.166667 251.208333  34.2  68.30 0.000
251.208333 251.250000  34.7  69.16 0.000
251.250000 251.291667  34.5  68.90 0.000
251.291667 251.333333  34.3  68.35 0.000
251.333333 251.375000  33.9  67.69 0.000
251.375000 251.416667  33.7  67.16 0.000
251.416667 251.458333  33.8  67.36 0.000
251.458333 251.500000  33.9  67.64 0.000
251.500000 251.541667  34.0  67.80 0.000
251.541667 251.583333  33.4  66.72 0.000
251.583333 251.625000  33.0  65.85 0.000
251.625000 251.666667  33.0  65.77 0.000
251.666667 251.708333  33.0  65.85 0.000
251.708333 251.750000  32.9  65.63 0.000
251.750000 251.791667  32.7  65.21 0.000
251.791667 251.833333  32.5  64.81 0.000
251.833333 251.875000  32.3  64.47 0.000
251.875000 251.916667  32.6  64.97 0.000
251.916667 251.958333  32.6  65.04 0.000
251.958333 252.000000  33.0  65.80 0.000
252.000000 252.041667  33.7  67.18 0.000
252.041667 252.083333  33.6  67.08 0.000
252.083333 252.125000  33.3  66.48 0.000
252.125000 252.166667  32.9  65.57 0.000
252.166667 252.208333  33.0  65.86 0.000
252.208333 252.250000  32.8  65.37 0.000
252.250000 252.291667  33.1  65.98 0.000
252.291667 252.333333  32.6  65.05 0.000
252.333333 252.375000  31.7  63.35 0.000
252.375000 252.416667  31.8  63.37 0.000
252.416667 252.458333  32.0  63.87 0.000
252.458333 252.500000  31.4  62.67 0.000
252.500000 252.541667  31.6  63.01 0.000
252.541667 252.583333  31.9  63.59 0.000
252.583333 252.625000  32.4  64.69 0.000
252.625000 252.666667  31.9  63.64 0.000
252.666667 252.708333  30.7  61.30 0.000
252.708333 252.750000  31.0  61.90 0.000
252.750000 252.791667  30.6  61.05 0.000
252.791667 252.833333  30.7  61.33 0.000
252.833333 252.875000  30.7  61.31 0.000
252.875000 252.916667  30.9  61.64 0.000
252.916667 252.958333  31.5  62.76 0.000
252.958333 253.000000  30.9  61.60 0.000
253.000000 253.041667  31.5  62.95 0.000
253.041667 253.083333  31.0  61.93 0.000
253.083333 253.125000  32.2  64.24 0.000
253.125000 253.166667  31.8  63.48 0.000
253.166667 253.208333  33.2  66.23 0.000
253.208333 253.250000  34.4  68.63 0.000
253.250000 253.291667  35.4  70.60 0.000
253.291667 253.333333  35.5  70.86 0.000
253.333333 253.375000  35.5  70.83 0.000
253.375000 253.416667  35.9  71.65 0.000
253.416667 253.458333  36.5  72.77 0.000
253.458333 253.500000  36.6  73.10 0.000
253.500000 253.541667  36.7  73.15 0.000
253.541667 253.583333  36.3  72.39 0.000
253.583333 253.625000  35.6  71.07 0.000
253.625000 253.666667  34.7  69.14 0.000
253.666667 253.708333  35.2  70.15 0.000
253.708333 253.750000  34.7  69.33 0.000
253.750000 253.791667  34.7  69.29 0.000
253.791667 253.833333  34.7  69.22 0.000
253.833333 253.875000  35.2  70.28 0.000
253.875000 253.916667  34.2  68.21 0.000
253.916667 253.958333  34.5  68.89 0.000
253.958333 254.000000  34.4  68.73 0.000
254.000000 254.041667  33.6  67.03 0.000
254.041667 254.083333  33.5  66.77 0.000
254.083333 254.125000  33.5  66.88 0.000
254.125000 254.166667  34.4  68.60 0.000
254.166667 254.208333  34.1  68.08 0.000
254.208333 254.250000  35.2  70.15 0.000
254.250000 254.291667  34.6  68.95 0.000
254.291667 254.333333  34.1  68.11 0.000
254.333333 254.375000  34.1  68.02 0.000
254.375000 254.416667  34.2  68.19 0.000
254.416667 254.458333  33.7  67.22 0.000
254.458333 254.500000  33.1  66.03 0.000
254.500000 254.541667  33.5  66.83 0.000
254.541667 254.583333  34.2  68.27 0.000
254.583333 254.625000  35.9  71.63 0.000
254.625000 254.666667  36.4  72.64 0.000
254.666667 254.708333  35.8  71.41 0.000
254.708333 254.750000  36.0  71.89 0.000
254.750000 254.791667  35.9  71.66 0.000
254.791667 254.833333  35.3  70.52 0.000
254.833333 254.875000  34.2  68.32 0.000
254.875000 254.916667  34.1  67.98 0.000
254.916667 254.958333  33.9  67.70 0.000
254.958333 255.000000  32.9  65.56 0.000
255.000000 255.041667  33.3  66.50 0.000
255.041667 255.083333  34.0  67.76 0.000
255.083333 255.125000  32.8  65.43 0.000
255.125000 255.166667  33.4  66.68 0.000
255.166667 255.208333  34.9  69.68 0.000
255.208333 255.250000  34.9  69.73 0.000
255.250000 255.291667  34.1  68.11 0.000
255.291667 255.333333  34.2  68.22 0.000
255.333333 255.375000  33.3  66.47 0.000
255.375000 255.416667  31.8  63.48 0.000
255.416667 255.458333  31.0  61.91 0.000
255.458333 255.500000  30.8  61.38 0.000
255.500000 255.541667  30.2  60.35 0.000
255.541667 255.583333  29.8  59.53 0.000
255.583333 255.625000  29.9  59.72 0.000
255.625000 255.666667  30.3  60.53 0.000
255.666667 255.708333  30.6  61.15 0.000
255.708333 255.750000  30.7  61.28 0.000
255.750000 255.791667  30.6  60.99 0.000
255.791667 255.833333  30.7  61.17 0.000
255.833333 255.875000  30.0  59.92 0.000
255.875000 255.916667  30.2  60.19 0.000
255.916667 255.958333  30.9  61.61 0.000
255.958333 256.000000  31.3  62.45 0.000
256.000000 256.041667  30.7  61.32 0.000
256.041667 256.083333  30.8  61.46 0.000
256.083333 256.125000  32.0  63.77 0.000
256.125000 256.166667  31.4  62.58 0.000
256.166667 256.208333  31.1  61.96 0.000
256.208333 256.250000  31.6  62.96 0.000
256.250000 256.291667  29.1  58.03 0.000
256.291667 256.333333  28.6  57.01 0.000
256.333333 256.375000  28.6  57.00 0.000
256.375000 256.416667  28.4  56.66 0.000
256.416667 256.458333  28.3  56.53 0.000
256.458333 256.500000  28.0  55.84 0.000
256.500000 256.541667  28.0  55.86 0.000
256.541667 256.583333  27.8  55.43 0.000
256.583333 256.625000  27.8  55.54 0.000
256.625000 256.666667  28.0  55.93 0.000
256.666667 256.708333  27.9  55.60 0.000
256.708333 256.750000  27.8  55.57 0.000
256.750000 256.791667  27.6  55.09 0.000
256.791667 256.833333  28.0  55.78 0.000
256.833333 256.875000  28.2  56.25 0.000
256.875000 256.916667  28.1  56.12 0.000
256.916667 256.958333  27.9  55.65 0.000
256.958333 257.000000  27.9  55.61 0.000
257.000000 257.041667  27.4  54.77 0.000
257.041667 257.083333  27.5  54.78 0.000
257.083333 257.125000  27.5  54.88 0.000
257.125000 257.166667  27.7  55.22 0.000
257.166667 257.208333  27.8  55.44 0.000
257.208333 257.250000  27.9  55.70 0.000
257.250000 257.291667  28.3  56.45 0.000
257.291667 257.333333  28.7  57.33 0.000
257.333333 257.375000  29.0  57.96 0.000
257.375000 257.416667  29.4  58.65 0.000
257.416667 257.458333  29.3  58.55 0.000
257.458333 257.500000  29.6  59.13 0.000
257.500000 257.541667  30.0  59.78 0.000
257.541667 257.583333  30.1  60.12 0.000
257.583333 257.625000  30.5  60.94 0.000
257.625000 257.666667  30.6  61.09 0.000
257.666667 257.708333  30.5  60.86 0.000
257.708333 257.750000  30.5  60.91 0.000
257.750000 257.791667  30.6  61.07 0.000
257.791667 257.833333  31.1  62.05 0.000
257.833333 257.875000  31.1  62.08 0.000
257.875000 257.916667  31.5  62.78 0.000
257.916667 257.958333  31.4  62.64 0.000
257.958333 258.000000  31.6  63.04 0.000
258.000000 258.041667  31.6  62.97 0.000
258.041667 258.083333  31.6  63.09 0.000
258.083333 258.125000  31.6  63.11 0.000
258.125000 258.166667  31.9  63.69 0.000
258.166667 258.208333  31.9  63.74 0.000
258.208333 258.250000  32.1  64.03 0.000
258.250000 258.291667  32.1  64.13 0.000
258.291667 258.333333  32.4  64.65 0.000
258.333333 258.375000  32.4  64.65 0.000
258.375000 258.416667  31.8  63.40 0.000
258.416667 258.458333  31.9  63.57 0.000
258.458333 258.500000  31.8  63.52 0.000
258.500000 258.541667  31.6  63.13 0.000
258.541667 258.583333  32.1  64.04 0.000
258.583333 258.625000  32.2  64.33 0.000
258.625000 258.666667  32.4  64.65 0.000
258.666667 258.708333  34.1  67.98 0.000
258.708333 258.750000  34.4  68.62 0.000
258.750000 258.791667  33.9  67.62 0.000
258.791667 258.833333  33.6  67.10 0.000
258.833333 258.875000  34.0  67.94 0.000
258.875000 258.916667  34.6  69.12 0.000
258.916667 258.958333  34.5  68.86 0.000
258.958333 259.000000  34.2  68.24 0.000
259.000000 259.041667  33.6  67.06 0.000
259.041667 259.083333  33.2  66.19 0.000
259.083333 259.125000  32.9  65.68 0.000
259.125000 259.166667  32.7  65.22 0.000
259.166667 259.208333  32.5  64.94 0.000
259.208333 259.250000  32.4  64.64 0.000
259.250000 259.291667  32.0  63.93 0.000
259.291667 259.333333  31.7  63.28 0.000
259.333333 259.375000  31.4  62.60 0.000
259.375000 259.416667  32.1  63.97 0.000
259.416667 259.458333  31.8  63.52 0.000
259.458333 259.500000  32.1  64.04 0.000
259.500000 259.541667  31.7  63.24 0.000
259.541667 259.583333  32.1  64.14 0.000
259.583333 259.625000  31.7  63.22 0.000
259.625000 259.666667  31.5  62.92 0.000
259.666667 259.708333  31.7  63.30 0.000
