Ebas_181012_2340/NO0042G.20180725230000.20181012211209.uv_abs.ozone.air.3mo.1h.NO01L_uv_abs_uk_0042_NRT.NO01L_uv_abs.lev1.5.nas
57 1001
Aas, Wenche
NO01L, Norwegian Institute for Air Research, NILU, Atmosphere and Climate Department, Instituttveien 18, , 2007, Kjeller, Norway
Rud, Richard
EMEP_NRT GAW-WDCRG_NRT NILU_NRT
1 1
2018 01 01 2018 10 12
0
days from file reference point
4
1 1 1 1
999.999999 999.9 999.99 9.999
end_time of measurement, days from the file reference point
ozone, nmol/mol
ozone, ug/m3, Volume std. temperature=293.15 K, Volume std. pressure=1013.25 hPa
numflag, no unit
0
39
Data definition:              EBAS_1.1
Set type code:                TI
Timezone:                     UTC
File name:                    NO0042G.20180725230000.20181012211209.uv_abs.ozone.air.3mo.1h.NO01L_uv_abs_uk_0042_NRT.NO01L_uv_abs.lev1.5.nas
File creation:                20181012214025
Startdate:                    20180725230000
Revision date:                20181012211209
Version:                      1
Version description:          initial revision
Statistics:                   arithmetic mean
Data level:                   1.5
Period code:                  3mo
Resolution code:              1h
Sample duration:              1h
Station code:                 NO0042G
Platform code:                NO0042S
Station name:                 Zeppelin mountain (Ny-Ålesund)
Station WDCA-ID:              GAWANO__ZEP
Station GAW-ID:               ZEP
Station GAW-Name:             Zeppelin Mountain (Ny Ålesund)
Station land use:             Gravel and stone
Station setting:              Polar
Station GAW type:             G
Station WMO region:           6
Station latitude:             78.90715
Station longitude:            11.88668
Station altitude:             474.0m
Regime:                       IMG
Component:                    ozone
Unit:                         
Matrix:                       air
Instrument type:              uv_abs
Laboratory code:              NO01L
Instrument name:              uv_abs_uk_0042_NRT
Method ref:                   NO01L_uv_abs
Originator:                   Aas, Wenche, waa@nilu.no, Norwegian Institute for Air Research, NILU, Atmosphere and Climate Department, Instituttveien 18, , 2007, Kjeller, Norway
Submitter:                    Rud, Richard, ror@nilu.no, Norwegian Institute for Air Research, NILU, Atmosphere and Climate Department, Instituttveien 18, , 2007, Kjeller, Norway
Comment:                      Data converted on import into EBAS from 'nmol/mol' to 'ug/m3' at 293.15 K, 1013.25 hPa, no conversion factor (no nonzero, valid values).
starttime endtime O3 O3 flag
[from data line 391]
224.250000 224.291667  23.5  46.96 0.000
224.291667 224.333333  22.3  44.43 0.000
224.333333 224.375000  22.1  44.11 0.000
224.375000 224.416667  21.9  43.74 0.000
224.416667 224.458333  22.0  43.87 0.000
224.458333 224.500000  22.4  44.67 0.000
224.500000 224.541667  23.8  47.57 0.000
224.541667 224.583333  22.3  44.53 0.000
224.583333 224.625000  23.0  45.89 0.000
224.625000 224.666667  23.3  46.48 0.000
224.666667 224.708333  24.3  48.49 0.000
224.708333 224.750000  24.1  48.06 0.000
224.750000 224.791667  22.1  44.17 0.000
224.791667 224.833333  25.8  51.41 0.000
224.833333 224.875000  28.0  55.92 0.000
224.875000 224.916667  25.3  50.40 0.000
224.916667 224.958333  24.0  47.81 0.000
224.958333 225.000000  23.8  47.58 0.000
225.000000 225.041667  25.6  50.99 0.000
225.041667 225.083333  25.4  50.72 0.000
225.083333 225.125000  25.9  51.62 0.000
225.125000 225.166667  27.9  55.70 0.000
225.166667 225.208333  24.7  49.28 0.000
225.208333 225.250000  24.8  49.52 0.000
225.250000 225.291667  20.3  40.46 0.000
225.291667 225.333333  19.8  39.48 0.000
225.333333 225.375000  19.9  39.71 0.000
225.375000 225.416667  20.7  41.31 0.000
225.416667 225.458333  21.4  42.80 0.000
225.458333 225.500000  22.2  44.34 0.000
225.500000 225.541667  22.4  44.71 0.000
225.541667 225.583333  22.4  44.69 0.000
225.583333 225.625000  23.9  47.63 0.000
225.625000 225.666667  23.7  47.22 0.000
225.666667 225.708333  25.9  51.74 0.000
225.708333 225.750000  26.1  52.06 0.000
225.750000 225.791667  26.2  52.19 0.000
225.791667 225.833333  26.1  52.07 0.000
225.833333 225.875000  24.8  49.39 0.000
225.875000 225.916667  27.0  53.82 0.000
225.916667 225.958333  25.6  51.16 0.000
225.958333 226.000000  23.7  47.19 0.000
226.000000 226.041667  24.0  47.95 0.000
226.041667 226.083333  23.8  47.49 0.000
226.083333 226.125000  24.0  47.93 0.000
226.125000 226.166667  25.8  51.52 0.000
226.166667 226.208333  26.7  53.24 0.000
226.208333 226.250000  26.5  52.78 0.000
226.250000 226.291667  26.6  53.06 0.000
226.291667 226.333333  26.7  53.25 0.000
226.333333 226.375000  25.6  51.16 0.000
226.375000 226.416667  25.3  50.55 0.000
226.416667 226.458333  25.2  50.33 0.000
226.458333 226.500000  25.8  51.51 0.000
226.500000 226.541667  26.5  52.95 0.000
226.541667 226.583333  26.6  53.07 0.000
226.583333 226.625000  26.6  53.13 0.000
226.625000 226.666667  27.5  54.92 0.000
226.666667 226.708333  27.6  55.01 0.000
226.708333 226.750000  28.2  56.25 0.000
226.750000 226.791667  29.5  58.84 0.000
226.791667 226.833333  29.4  58.73 0.000
226.833333 226.875000  30.4  60.62 0.000
226.875000 226.916667  31.3  62.39 0.000
226.916667 226.958333  31.8  63.42 0.000
226.958333 227.000000  32.9  65.63 0.000
227.000000 227.041667  32.6  65.05 0.000
227.041667 227.083333  32.0  63.93 0.000
227.083333 227.125000  31.8  63.48 0.000
227.125000 227.166667  31.9  63.66 0.000
227.166667 227.208333  31.9  63.72 0.000
227.208333 227.250000  31.4  62.71 0.000
227.250000 227.291667  31.2  62.16 0.000
227.291667 227.333333  32.1  63.99 0.000
227.333333 227.375000  31.7  63.33 0.000
227.375000 227.416667  31.2  62.34 0.000
227.416667 227.458333  31.0  61.89 0.000
227.458333 227.500000  31.0  61.80 0.000
227.500000 227.541667  31.8  63.47 0.000
227.541667 227.583333  31.0  61.84 0.000
227.583333 227.625000  30.7  61.29 0.000
227.625000 227.666667  31.5  62.76 0.000
227.666667 227.708333  32.0  63.79 0.000
227.708333 227.750000  31.4  62.75 0.000
227.750000 227.791667  30.5  60.77 0.000
227.791667 227.833333  31.5  62.80 0.000
227.833333 227.875000  30.6  61.03 0.000
227.875000 227.916667  30.7  61.30 0.000
227.916667 227.958333  30.4  60.62 0.000
227.958333 228.000000  30.8  61.41 0.000
228.000000 228.041667  31.1  62.03 0.000
228.041667 228.083333  31.5  62.94 0.000
228.083333 228.125000  31.9  63.65 0.000
228.125000 228.166667  32.0  63.92 0.000
228.166667 228.208333  32.3  64.42 0.000
228.208333 228.250000  33.1  66.14 0.000
228.250000 228.291667  32.6  65.00 0.000
228.291667 228.333333  31.4  62.65 0.000
228.333333 228.375000  30.7  61.31 0.000
228.375000 228.416667  31.1  62.13 0.000
228.416667 228.458333  31.0  61.93 0.000
228.458333 228.500000  31.2  62.29 0.000
228.500000 228.541667  30.0  59.84 0.000
228.541667 228.583333  30.1  60.07 0.000
228.583333 228.625000  29.8  59.45 0.000
228.625000 228.666667  30.0  59.88 0.000
228.666667 228.708333  30.5  60.85 0.000
228.708333 228.750000  30.7  61.30 0.000
228.750000 228.791667  30.6  61.05 0.000
228.791667 228.833333  29.6  59.04 0.000
228.833333 228.875000  29.5  58.80 0.000
228.875000 228.916667  29.9  59.74 0.000
228.916667 228.958333  30.2  60.26 0.000
228.958333 229.000000  30.4  60.71 0.000
229.000000 229.041667  30.6  61.07 0.000
229.041667 229.083333  30.5  60.81 0.000
229.083333 229.125000  30.7  61.30 0.000
229.125000 229.166667  31.0  61.77 0.000
229.166667 229.208333  31.3  62.54 0.000
229.208333 229.250000  31.6  63.12 0.000
229.250000 229.291667  32.3  64.52 0.000
229.291667 229.333333  32.6  65.07 0.000
229.333333 229.375000  33.8  67.42 0.000
229.375000 229.416667  31.6  63.02 0.000
229.416667 229.458333  31.9  63.64 0.000
229.458333 229.500000  32.3  64.50 0.000
229.500000 229.541667  33.1  66.13 0.000
229.541667 229.583333  31.7  63.27 0.000
229.583333 229.625000  32.0  63.87 0.000
229.625000 229.666667  31.0  61.82 0.000
229.666667 229.708333  30.1  60.11 0.000
229.708333 229.750000  29.9  59.74 0.000
229.750000 229.791667  28.7  57.22 0.000
229.791667 229.833333  28.8  57.44 0.000
229.833333 229.875000  28.6  57.00 0.000
229.875000 229.916667  28.4  56.69 0.000
229.916667 229.958333  28.9  57.71 0.000
229.958333 230.000000  28.9  57.76 0.000
230.000000 230.041667  29.2  58.26 0.000
230.041667 230.083333  29.8  59.45 0.000
230.083333 230.125000  30.4  60.72 0.000
230.125000 230.166667  30.4  60.75 0.000
230.166667 230.208333  29.7  59.26 0.000
230.208333 230.250000  28.0  55.94 0.000
230.250000 230.291667  27.6  55.14 0.000
230.291667 230.333333  27.3  54.42 0.000
230.333333 230.375000  26.7  53.34 0.000
230.375000 230.416667  27.5  54.93 0.000
230.416667 230.458333  26.7  53.23 0.000
230.458333 230.500000  27.3  54.42 0.000
230.500000 230.541667  27.8  55.38 0.000
230.541667 230.583333  27.4  54.73 0.000
230.583333 230.625000  27.2  54.35 0.000
230.625000 230.666667  27.3  54.44 0.000
230.666667 230.708333  27.8  55.55 0.000
230.708333 230.750000  28.3  56.39 0.000
230.750000 230.791667  28.2  56.27 0.000
230.791667 230.833333  28.6  57.00 0.000
230.833333 230.875000  28.7  57.34 0.000
230.875000 230.916667  28.6  57.08 0.000
230.916667 230.958333  28.3  56.45 0.000
230.958333 231.000000  27.9  55.76 0.000
232.000000 232.041667  29.3  58.56 0.000
232.041667 232.083333  30.2  60.18 0.000
232.083333 232.125000  29.5  58.83 0.000
232.125000 232.166667  29.1  57.98 0.000
232.166667 232.208333  29.9  59.57 0.000
232.208333 232.250000  30.5  60.76 0.000
232.250000 232.291667  29.1  58.02 0.000
232.291667 232.333333  26.7  53.19 0.000
232.333333 232.375000  26.4  52.76 0.000
232.375000 232.416667  32.2  64.16 0.000
232.416667 232.458333  33.5  66.78 0.000
232.458333 232.500000  30.6  61.03 0.000
232.500000 232.541667  30.5  60.79 0.000
232.541667 232.583333  31.6  63.03 0.000
232.583333 232.625000  32.8  65.46 0.000
232.625000 232.666667  34.9  69.57 0.000
232.666667 232.708333  34.0  67.90 0.000
232.708333 232.750000  32.9  65.61 0.000
232.750000 232.791667  33.0  65.77 0.000
232.791667 232.833333  33.6  67.00 0.000
232.833333 232.875000  34.1  68.06 0.000
232.875000 232.916667  34.0  67.80 0.000
232.916667 232.958333  34.9  69.68 0.000
232.958333 233.000000  34.9  69.68 0.000
233.000000 233.041667  35.2  70.23 0.000
233.041667 233.083333  37.1  73.99 0.000
233.083333 233.125000  35.9  71.71 0.000
233.125000 233.166667  33.3  66.52 0.000
233.166667 233.208333  35.4  70.69 0.000
233.208333 233.250000  34.4  68.55 0.000
233.250000 233.291667  33.6  67.04 0.000
233.291667 233.333333  30.7  61.27 0.000
233.333333 233.375000  29.8  59.51 0.000
233.375000 233.416667  30.8  61.53 0.000
233.416667 233.458333  30.7  61.22 0.000
233.458333 233.500000  30.3  60.39 0.000
233.500000 233.541667  30.6  60.97 0.000
233.541667 233.583333  31.9  63.66 0.000
233.583333 233.625000  31.5  62.81 0.000
233.625000 233.666667  32.0  63.89 0.000
233.666667 233.708333  34.6  69.06 0.000
233.708333 233.750000  34.4  68.72 0.000
233.750000 233.791667  34.4  68.56 0.000
233.791667 233.833333  34.7  69.27 0.000
233.833333 233.875000  34.4  68.69 0.000
233.875000 233.916667  35.1  70.03 0.000
233.916667 233.958333  35.8  71.43 0.000
233.958333 234.000000  36.2  72.20 0.000
235.000000 235.041667  37.0  73.84 0.000
235.041667 235.083333  37.7  75.28 0.000
235.083333 235.125000  36.6  72.98 0.000
235.125000 235.166667  36.1  71.96 0.000
235.166667 235.208333  35.9  71.67 0.000
235.208333 235.250000  35.8  71.35 0.000
235.250000 235.291667  35.5  70.81 0.000
235.291667 235.333333  35.5  70.80 0.000
235.333333 235.375000  35.1  69.94 0.000
235.375000 235.416667  33.9  67.65 0.000
235.416667 235.458333  33.4  66.72 0.000
235.458333 235.500000  33.2  66.23 0.000
235.500000 235.541667  32.8  65.36 0.000
235.541667 235.583333  31.6  63.13 0.000
235.583333 235.625000  30.8  61.37 0.000
235.625000 235.666667  30.6  60.98 0.000
235.666667 235.708333  29.9  59.74 0.000
235.708333 235.750000  30.2  60.31 0.000
235.750000 235.791667  30.2  60.18 0.000
235.791667 235.833333  30.4  60.72 0.000
235.833333 235.875000  30.8  61.38 0.000
235.875000 235.916667  31.1  62.14 0.000
235.916667 235.958333  31.6  63.00 0.000
235.958333 236.000000  31.6  63.05 0.000
236.000000 236.041667  31.7  63.28 0.000
236.041667 236.083333  31.7  63.27 0.000
236.083333 236.125000  31.5  62.93 0.000
236.125000 236.166667  31.2  62.26 0.000
236.166667 236.208333  30.5  60.76 0.000
236.208333 236.250000  29.8  59.38 0.000
236.250000 236.291667  31.1  62.07 0.000
236.291667 236.333333  31.6  62.96 0.000
236.333333 236.375000  31.4  62.62 0.000
236.375000 236.416667  31.6  63.14 0.000
236.416667 236.458333  33.0  65.84 0.000
236.458333 236.500000  33.9  67.58 0.000
236.500000 236.541667  33.1  65.97 0.000
236.541667 236.583333  33.1  65.97 0.000
236.583333 236.625000  33.0  65.92 0.000
236.625000 236.666667  32.9  65.73 0.000
236.666667 236.708333  32.3  64.51 0.000
236.708333 236.750000  30.2  60.35 0.000
236.750000 236.791667  29.1  58.14 0.000
236.791667 236.833333  30.0  59.93 0.000
236.833333 236.875000  30.1  60.13 0.000
236.875000 236.916667  31.6  62.97 0.000
236.916667 236.958333  30.1  60.12 0.000
236.958333 237.000000  31.7  63.27 0.000
237.000000 237.041667  31.8  63.53 0.000
237.041667 237.083333  31.4  62.56 0.000
237.083333 237.125000  31.8  63.46 0.000
237.125000 237.166667  32.0  63.84 0.000
237.166667 237.208333  31.9  63.64 0.000
237.208333 237.250000  31.5  62.80 0.000
237.250000 237.291667  31.8  63.54 0.000
237.291667 237.333333  33.0  65.75 0.000
237.333333 237.375000  32.8  65.39 0.000
237.375000 237.416667  33.5  66.91 0.000
237.416667 237.458333  34.5  68.85 0.000
237.458333 237.500000  33.9  67.74 0.000
237.500000 237.541667  32.3  64.51 0.000
237.541667 237.583333  31.7  63.16 0.000
237.583333 237.625000  32.6  64.99 0.000
237.625000 237.666667  33.9  67.58 0.000
237.666667 237.708333  33.1  65.95 0.000
237.708333 237.750000  32.4  64.63 0.000
237.750000 237.791667  32.9  65.60 0.000
237.791667 237.833333  33.2  66.21 0.000
237.833333 237.875000  34.1  68.09 0.000
237.875000 237.916667  33.4  66.59 0.000
237.916667 237.958333  33.1  66.14 0.000
237.958333 238.000000  33.5  66.86 0.000
238.000000 238.041667  33.8  67.48 0.000
238.041667 238.083333  34.1  68.10 0.000
238.083333 238.125000  34.2  68.32 0.000
238.125000 238.166667  34.2  68.29 0.000
238.166667 238.208333  34.0  67.82 0.000
238.208333 238.250000  34.9  69.59 0.000
238.250000 238.291667  34.5  68.81 0.000
238.291667 238.333333  33.1  66.09 0.000
238.333333 238.375000  32.1  64.09 0.000
238.375000 238.416667  30.9  61.57 0.000
238.416667 238.458333  30.2  60.21 0.000
238.458333 238.500000  31.2  62.34 0.000
238.500000 238.541667  30.8  61.46 0.000
238.541667 238.583333  30.0  59.80 0.000
238.583333 238.625000  30.4  60.71 0.000
238.625000 238.666667  31.0  61.91 0.000
238.666667 238.708333  30.4  60.69 0.000
238.708333 238.750000  31.5  62.95 0.000
238.750000 238.791667  31.2  62.20 0.000
238.791667 238.833333  31.5  62.93 0.000
238.833333 238.875000  31.3  62.38 0.000
238.875000 238.916667  31.0  61.79 0.000
238.916667 238.958333  31.3  62.44 0.000
238.958333 239.000000  31.5  62.80 0.000
239.000000 239.041667  31.0  61.86 0.000
239.041667 239.083333  30.4  60.64 0.000
239.083333 239.125000  29.6  59.16 0.000
239.125000 239.166667  29.0  57.90 0.000
239.166667 239.208333  31.7  63.23 0.000
239.208333 239.250000  33.6  67.06 0.000
239.250000 239.291667  33.7  67.19 0.000
239.291667 239.333333  33.9  67.69 0.000
239.333333 239.375000  34.0  67.81 0.000
239.375000 239.416667  33.7  67.33 0.000
239.416667 239.458333  33.4  66.55 0.000
239.458333 239.500000  32.6  65.13 0.000
239.500000 239.541667  31.6  63.05 0.000
239.541667 239.583333  30.3  60.36 0.000
239.583333 239.625000  31.4  62.62 0.000
239.625000 239.666667  31.8  63.49 0.000
239.666667 239.708333  31.5  62.78 0.000
239.708333 239.750000  30.4  60.67 0.000
239.750000 239.791667  30.2  60.32 0.000
239.791667 239.833333  30.4  60.69 0.000
239.833333 239.875000  30.4  60.72 0.000
239.875000 239.916667  30.9  61.70 0.000
239.916667 239.958333  31.4  62.56 0.000
239.958333 240.000000  31.5  62.79 0.000
240.000000 240.041667  31.1  62.10 0.000
240.041667 240.083333  31.9  63.62 0.000
240.083333 240.125000  34.3  68.44 0.000
240.125000 240.166667  34.7  69.32 0.000
240.166667 240.208333  35.0  69.90 0.000
240.208333 240.250000  34.9  69.59 0.000
240.250000 240.291667  34.9  69.57 0.000
240.291667 240.333333  34.6  69.11 0.000
240.333333 240.375000  34.3  68.42 0.000
240.375000 240.416667  34.2  68.28 0.000
240.416667 240.458333  34.2  68.20 0.000
240.458333 240.500000  34.4  68.72 0.000
240.500000 240.541667  34.3  68.43 0.000
240.541667 240.583333  33.7  67.23 0.000
240.583333 240.625000  33.9  67.55 0.000
240.625000 240.666667  32.9  65.71 0.000
240.666667 240.708333  33.9  67.67 0.000
240.708333 240.750000  33.8  67.50 0.000
240.750000 240.791667  34.5  68.86 0.000
240.791667 240.833333  34.6  69.08 0.000
240.833333 240.875000  33.9  67.59 0.000
240.875000 240.916667  32.5  64.84 0.000
240.916667 240.958333  32.7  65.15 0.000
240.958333 241.000000  33.4  66.74 0.000
241.000000 241.041667  33.2  66.30 0.000
241.041667 241.083333  32.9  65.71 0.000
241.083333 241.125000  33.0  65.89 0.000
241.125000 241.166667  32.8  65.45 0.000
241.166667 241.208333  32.3  64.45 0.000
241.208333 241.250000  33.3  66.39 0.000
241.250000 241.291667  31.7  63.32 0.000
241.291667 241.333333  33.0  65.78 0.000
241.333333 241.375000  33.5  66.84 0.000
241.375000 241.416667  35.6  71.01 0.000
241.416667 241.458333  34.6  69.11 0.000
241.458333 241.500000  34.1  68.13 0.000
241.500000 241.541667  34.0  67.80 0.000
241.541667 241.583333  35.5  70.78 0.000
241.583333 241.625000  35.4  70.65 0.000
241.625000 241.666667  34.2  68.19 0.000
241.666667 241.708333  33.9  67.59 0.000
241.708333 241.750000  32.9  65.74 0.000
241.750000 241.791667  33.4  66.55 0.000
241.791667 241.833333  32.7  65.25 0.000
241.833333 241.875000  32.6  65.05 0.000
241.875000 241.916667  32.9  65.63 0.000
241.916667 241.958333  33.2  66.34 0.000
241.958333 242.000000  34.2  68.16 0.000
242.000000 242.041667  33.8  67.35 0.000
242.041667 242.083333  32.0  63.90 0.000
242.083333 242.125000  31.7  63.19 0.000
242.125000 242.166667  32.2  64.32 0.000
242.166667 242.208333  33.3  66.53 0.000
242.208333 242.250000  33.7  67.29 0.000
242.250000 242.291667  34.3  68.42 0.000
242.291667 242.333333  34.2  68.21 0.000
242.333333 242.375000  31.5  62.76 0.000
242.375000 242.416667  29.9  59.71 0.000
242.416667 242.458333  28.8  57.40 0.000
