Ebas_181012_2340/NO0042G.20180725230000.20181012211209.uv_abs.ozone.air.3mo.1h.NO01L_uv_abs_uk_0042_NRT.NO01L_uv_abs.lev1.5.nas
57 1001
Aas, Wenche
NO01L, Norwegian Institute for Air Research, NILU, Atmosphere and Climate Department, Instituttveien 18, , 2007, Kjeller, Norway
Rud, Richard
EMEP_NRT GAW-WDCRG_NRT NILU_NRT
1 1
2018 01 01 2018 10 12
0
days from file reference point
4
1 1 1 1
999.999999 999.9 999.99 9.999
end_time of measurement, days from the file reference point
ozone, nmol/mol
ozone, ug/m3, Volume std. temperature=293.15 K, Volume std. pressure=1013.25 hPa
numflag, no unit
0
39
Data definition:              EBAS_1.1
Set type code:                TI
Timezone:                     UTC
File name:                    NO0042G.20180725230000.20181012211209.uv_abs.ozone.air.3mo.1h.NO01L_uv_abs_uk_0042_NRT.NO01L_uv_abs.lev1.5.nas
File creation:                20181012214025
Startdate:                    20180725230000
Revision date:                20181012211209
Version:                      1
Version description:          initial revision
Statistics:                   arithmetic mean
Data level:                   1.5
Period code:                  3mo
Resolution code:              1h
Sample duration:              1h
Station code:                 NO0042G
Platform code:                NO0042S
Station name:                 Zeppelin mountain (Ny-Ålesund)
Station WDCA-ID:              GAWANO__ZEP
Station GAW-ID:               ZEP
Station GAW-Name:             Zeppelin Mountain (Ny Ålesund)
Station land use:             Gravel and stone
Station setting:              Polar
Station GAW type:             G
Station WMO region:           6
Station latitude:             78.90715
Station longitude:            11.88668
Station altitude:             474.0m
Regime:                       IMG
Component:                    ozone
Unit:                         
Matrix:                       air
Instrument type:              uv_abs
Laboratory code:              NO01L
Instrument name:              uv_abs_uk_0042_NRT
Method ref:                   NO01L_uv_abs
Originator:                   Aas, Wenche, waa@nilu.no, Norwegian Institute for Air Research, NILU, Atmosphere and Climate Department, Instituttveien 18, , 2007, Kjeller, Norway
Submitter:                    Rud, Richard, ror@nilu.no, Norwegian Institute for Air Research, NILU, Atmosphere and Climate Department, Instituttveien 18, , 2007, Kjeller, Norway
Comment:                      Data converted on import into EBAS from 'nmol/mol' to 'ug/m3' at 293.15 K, 1013.25 hPa, no conversion factor (no nonzero, valid values).
starttime endtime O3 O3 flag
[from data line 1171]
259.750000 259.791667  29.8  59.52 0.000
259.791667 259.833333  29.5  58.79 0.000
259.833333 259.875000  30.5  60.92 0.000
259.875000 259.916667  29.1  58.08 0.000
259.916667 259.958333  28.1  56.02 0.000
259.958333 260.000000  28.5  56.91 0.000
260.000000 260.041667  28.8  57.37 0.000
260.041667 260.083333  29.5  58.77 0.000
260.083333 260.125000  30.2  60.26 0.000
260.125000 260.166667  30.1  60.14 0.000
260.166667 260.208333  30.6  61.01 0.000
260.208333 260.250000  30.3  60.46 0.000
260.250000 260.291667  30.8  61.55 0.000
260.291667 260.333333  31.8  63.44 0.000
260.333333 260.375000  32.4  64.71 0.000
260.375000 260.416667  32.6  65.07 0.000
260.416667 260.458333  32.7  65.25 0.000
260.458333 260.500000  32.2  64.34 0.000
260.500000 260.541667  32.2  64.30 0.000
260.541667 260.583333  32.6  64.95 0.000
260.583333 260.625000  33.4  66.65 0.000
260.625000 260.666667  33.5  66.93 0.000
260.666667 260.708333  33.7  67.20 0.000
260.708333 260.750000  33.7  67.21 0.000
260.750000 260.791667  34.5  68.77 0.000
260.791667 260.833333  33.9  67.57 0.000
260.833333 260.875000  34.5  68.83 0.000
260.875000 260.916667  34.5  68.78 0.000
260.916667 260.958333  30.6  61.09 0.000
260.958333 261.000000  30.3  60.48 0.000
261.000000 261.041667  30.7  61.27 0.000
261.041667 261.083333  30.7  61.28 0.000
261.083333 261.125000  30.5  60.86 0.000
261.125000 261.166667  31.1  62.00 0.000
261.166667 261.208333  31.7  63.30 0.000
261.208333 261.250000  31.4  62.71 0.000
261.250000 261.291667  31.8  63.47 0.000
261.291667 261.333333  31.7  63.22 0.000
261.333333 261.375000  31.7  63.22 0.000
261.375000 261.416667  31.1  62.08 0.000
261.416667 261.458333  32.2  64.23 0.000
261.458333 261.500000  30.8  61.43 0.000
261.500000 261.541667  30.7  61.24 0.000
261.541667 261.583333  31.0  61.92 0.000
261.583333 261.625000  31.1  61.99 0.000
261.625000 261.666667  30.8  61.51 0.000
261.666667 261.708333  30.1  60.00 0.000
261.708333 261.750000  29.8  59.45 0.000
261.750000 261.791667  29.8  59.50 0.000
261.791667 261.833333  29.9  59.71 0.000
261.833333 261.875000  30.6  61.14 0.000
261.875000 261.916667  31.2  62.22 0.000
261.916667 261.958333  31.0  61.79 0.000
261.958333 262.000000  31.1  61.99 0.000
262.000000 262.041667  31.3  62.52 0.000
262.041667 262.083333  31.1  62.01 0.000
262.083333 262.125000  30.9  61.68 0.000
262.125000 262.166667  30.7  61.19 0.000
262.166667 262.208333  30.5  60.87 0.000
262.208333 262.250000  30.7  61.29 0.000
262.250000 262.291667  31.0  61.83 0.000
262.291667 262.333333  31.3  62.37 0.000
262.333333 262.375000  31.6  63.14 0.000
262.375000 262.416667  31.6  63.14 0.000
262.416667 262.458333  31.3  62.50 0.000
262.458333 262.500000  31.3  62.36 0.000
262.500000 262.541667  31.3  62.45 0.000
262.541667 262.583333  31.5  62.90 0.000
262.583333 262.625000  31.8  63.52 0.000
262.625000 262.666667  31.7  63.25 0.000
262.666667 262.708333  32.0  63.84 0.000
262.708333 262.750000  31.6  63.09 0.000
262.750000 262.791667  31.5  62.89 0.000
262.791667 262.833333  31.1  62.05 0.000
262.833333 262.875000  30.5  60.89 0.000
262.875000 262.916667  30.3  60.43 0.000
262.916667 262.958333  30.3  60.50 0.000
262.958333 263.000000  30.5  60.86 0.000
263.000000 263.041667  30.6  61.09 0.000
263.041667 263.083333  31.7  63.33 0.000
263.083333 263.125000  32.3  64.43 0.000
263.125000 263.166667  32.6  64.99 0.000
263.166667 263.208333  33.1  66.12 0.000
263.208333 263.250000  33.3  66.43 0.000
263.250000 263.291667  33.4  66.62 0.000
263.291667 263.333333  33.4  66.60 0.000
263.333333 263.375000  33.2  66.21 0.000
263.375000 263.416667  33.4  66.71 0.000
263.416667 263.458333  33.4  66.65 0.000
263.458333 263.500000  33.4  66.56 0.000
263.500000 263.541667  33.2  66.34 0.000
263.541667 263.583333  33.1  66.09 0.000
263.583333 263.625000  33.1  66.07 0.000
263.625000 263.666667  32.6  65.14 0.000
263.666667 263.708333  31.2  62.24 0.000
263.708333 263.750000  31.1  62.05 0.000
263.750000 263.791667  32.2  64.25 0.000
263.791667 263.833333  31.9  63.75 0.000
263.833333 263.875000  31.8  63.40 0.000
263.875000 263.916667  32.3  64.42 0.000
263.916667 263.958333  32.5  64.76 0.000
263.958333 264.000000  32.6  64.98 0.000
265.000000 265.041667  30.8  61.43 0.000
265.041667 265.083333  30.8  61.43 0.000
265.083333 265.125000  30.8  61.55 0.000
265.125000 265.166667  30.8  61.49 0.000
265.166667 265.208333  31.1  62.01 0.000
265.208333 265.250000  31.4  62.69 0.000
265.250000 265.291667  31.3  62.53 0.000
265.291667 265.333333  31.6  63.11 0.000
265.333333 265.375000  32.6  65.06 0.000
265.375000 265.416667  32.9  65.61 0.000
265.416667 265.458333  32.8  65.46 0.000
265.458333 265.500000  31.9  63.61 0.000
265.500000 265.541667  31.1  61.97 0.000
265.541667 265.583333  28.9  57.62 0.000
265.583333 265.625000  28.6  57.11 0.000
265.625000 265.666667  28.2  56.29 0.000
265.666667 265.708333  28.4  56.67 0.000
265.708333 265.750000  28.2  56.25 0.000
265.750000 265.791667  27.7  55.35 0.000
265.791667 265.833333  28.1  56.04 0.000
265.833333 265.875000  28.2  56.27 0.000
265.875000 265.916667  28.5  56.90 0.000
265.916667 265.958333  28.7  57.19 0.000
265.958333 266.000000  28.3  56.51 0.000
266.000000 266.041667  28.3  56.53 0.000
266.041667 266.083333  29.0  57.91 0.000
266.083333 266.125000  29.0  57.93 0.000
266.125000 266.166667  29.4  58.66 0.000
266.166667 266.208333  29.3  58.54 0.000
266.208333 266.250000  29.7  59.17 0.000
266.250000 266.291667  29.4  58.75 0.000
266.291667 266.333333  29.6  58.98 0.000
266.333333 266.375000  29.3  58.46 0.000
266.375000 266.416667  28.6  57.11 0.000
266.416667 266.458333  28.7  57.20 0.000
266.458333 266.500000  28.5  56.90 0.000
266.500000 266.541667  28.0  55.91 0.000
266.541667 266.583333  27.3  54.45 0.000
266.583333 266.625000  28.0  55.86 0.000
266.625000 266.666667  27.5  54.89 0.000
266.666667 266.708333  27.8  55.51 0.000
266.708333 266.750000  28.3  56.55 0.000
266.750000 266.791667  28.2  56.29 0.000
266.791667 266.833333  28.4  56.66 0.000
266.833333 266.875000  28.5  56.80 0.000
266.875000 266.916667  27.4  54.61 0.000
266.916667 266.958333  27.1  53.99 0.000
266.958333 267.000000  29.6  58.99 0.000
267.000000 267.041667  31.1  62.11 0.000
267.041667 267.083333  31.8  63.54 0.000
267.083333 267.125000  32.5  64.78 0.000
267.125000 267.166667  33.0  65.89 0.000
267.166667 267.208333  33.5  66.80 0.000
267.208333 267.250000  33.7  67.28 0.000
267.250000 267.291667  34.2  68.33 0.000
267.291667 267.333333  34.3  68.42 0.000
267.333333 267.375000  34.4  68.66 0.000
267.375000 267.416667  34.4  68.70 0.000
267.416667 267.458333  34.2  68.17 0.000
267.458333 267.500000  34.0  67.76 0.000
267.500000 267.541667  33.6  66.96 0.000
267.541667 267.583333  33.2  66.15 0.000
267.583333 267.625000  32.7  65.22 0.000
267.625000 267.666667  32.4  64.68 0.000
267.666667 267.708333  32.3  64.36 0.000
267.708333 267.750000  32.3  64.37 0.000
267.750000 267.791667  32.1  64.01 0.000
267.791667 267.833333  31.9  63.67 0.000
267.833333 267.875000  31.9  63.62 0.000
267.875000 267.916667  32.1  63.97 0.000
267.916667 267.958333  32.1  64.14 0.000
267.958333 268.000000  32.2  64.26 0.000
268.000000 268.041667  32.5  64.89 0.000
268.041667 268.083333  32.5  64.80 0.000
268.083333 268.125000  33.0  65.85 0.000
268.125000 268.166667  33.0  65.94 0.000
268.166667 268.208333  33.2  66.30 0.000
268.208333 268.250000  33.2  66.30 0.000
268.250000 268.291667  33.5  66.90 0.000
268.291667 268.333333  33.7  67.16 0.000
268.333333 268.375000  33.7  67.16 0.000
268.375000 268.416667  33.9  67.68 0.000
268.416667 268.458333  34.7  69.24 0.000
268.458333 268.500000  35.4  70.57 0.000
268.500000 268.541667  35.4  70.68 0.000
268.541667 268.583333  35.2  70.26 0.000
268.583333 268.625000  35.0  69.82 0.000
268.625000 268.666667  35.1  69.95 0.000
268.666667 268.708333  35.7  71.19 0.000
268.708333 268.750000  35.8  71.41 0.000
268.750000 268.791667  35.6  71.01 0.000
268.791667 268.833333  35.4  70.57 0.000
268.833333 268.875000  34.8  69.34 0.000
268.875000 268.916667  34.1  68.07 0.000
268.916667 268.958333  34.1  68.08 0.000
268.958333 269.000000  34.4  68.68 0.000
269.000000 269.041667  34.6  68.97 0.000
269.041667 269.083333  34.2  68.15 0.000
269.083333 269.125000  33.6  67.14 0.000
269.125000 269.166667  34.2  68.24 0.000
269.166667 269.208333  34.0  67.83 0.000
269.208333 269.250000  34.1  68.14 0.000
269.250000 269.291667  34.4  68.61 0.000
269.291667 269.333333  35.4  70.71 0.000
269.333333 269.375000  34.5  68.89 0.000
269.375000 269.416667  33.4  66.71 0.000
269.416667 269.458333  32.4  64.65 0.000
269.458333 269.500000  34.6  69.07 0.000
269.500000 269.541667  34.0  67.89 0.000
269.541667 269.583333  33.6  67.09 0.000
269.583333 269.625000  34.2  68.18 0.000
269.625000 269.666667  35.2  70.16 0.000
269.666667 269.708333  35.6  71.11 0.000
269.708333 269.750000  35.7  71.15 0.000
269.750000 269.791667  35.8  71.49 0.000
269.791667 269.833333  35.8  71.38 0.000
269.833333 269.875000  36.4  72.54 0.000
269.875000 269.916667  36.8  73.36 0.000
269.916667 269.958333  36.3  72.48 0.000
269.958333 270.000000  36.6  73.01 0.000
270.000000 270.041667  36.4  72.63 0.000
270.041667 270.083333  36.9  73.58 0.000
270.083333 270.125000  36.6  73.01 0.000
270.125000 270.166667  36.4  72.72 0.000
270.166667 270.208333  36.5  72.75 0.000
270.208333 270.250000  35.9  71.58 0.000
270.250000 270.291667  35.4  70.69 0.000
270.291667 270.333333  35.2  70.21 0.000
270.333333 270.375000  34.7  69.32 0.000
270.375000 270.416667  34.9  69.61 0.000
270.416667 270.458333  35.0  69.91 0.000
270.458333 270.500000  34.9  69.65 0.000
270.500000 270.541667  35.0  69.86 0.000
270.541667 270.583333  35.1  70.01 0.000
270.583333 270.625000  35.0  69.91 0.000
270.625000 270.666667  35.0  69.76 0.000
270.666667 270.708333  35.0  69.74 0.000
270.708333 270.750000  35.1  70.09 0.000
270.750000 270.791667  35.2  70.17 0.000
270.791667 270.833333  34.7  69.30 0.000
270.833333 270.875000  34.3  68.37 0.000
270.875000 270.916667  34.1  67.99 0.000
270.916667 270.958333  33.9  67.70 0.000
270.958333 271.000000  34.0  67.82 0.000
271.000000 271.041667  33.0  65.88 0.000
271.041667 271.083333  32.9  65.74 0.000
271.083333 271.125000  33.8  67.36 0.000
271.125000 271.166667  33.5  66.84 0.000
271.166667 271.208333  33.4  66.74 0.000
271.208333 271.250000  33.4  66.56 0.000
271.250000 271.291667  32.9  65.73 0.000
271.291667 271.333333  33.1  66.03 0.000
271.333333 271.375000  33.3  66.50 0.000
271.375000 271.416667  33.6  66.96 0.000
271.416667 271.458333  33.3  66.44 0.000
271.458333 271.500000  33.2  66.23 0.000
271.500000 271.541667  33.1  65.98 0.000
271.541667 271.583333  32.3  64.49 0.000
271.583333 271.625000  32.4  64.60 0.000
271.625000 271.666667  32.3  64.43 0.000
271.666667 271.708333  32.1  64.08 0.000
271.708333 271.750000  32.3  64.40 0.000
271.750000 271.791667  32.0  63.84 0.000
271.791667 271.833333  32.4  64.62 0.000
271.833333 271.875000  32.2  64.31 0.000
271.875000 271.916667  32.3  64.48 0.000
271.916667 271.958333  32.4  64.71 0.000
271.958333 272.000000  32.5  64.81 0.000
272.000000 272.041667  32.7  65.22 0.000
272.041667 272.083333  32.8  65.41 0.000
272.083333 272.125000  32.8  65.43 0.000
272.125000 272.166667  33.2  66.22 0.000
272.166667 272.208333  34.0  67.89 0.000
272.208333 272.250000  34.3  68.36 0.000
272.250000 272.291667  34.8  69.34 0.000
272.291667 272.333333  35.0  69.90 0.000
272.333333 272.375000  35.4  70.60 0.000
272.375000 272.416667  35.1  69.95 0.000
272.416667 272.458333  36.3  72.53 0.000
272.458333 272.500000  36.3  72.43 0.000
272.500000 272.541667  37.9  75.67 0.000
272.541667 272.583333  37.9  75.63 0.000
272.583333 272.625000  36.0  71.85 0.000
272.625000 272.666667  35.1  69.97 0.000
272.666667 272.708333  34.0  67.77 0.000
272.708333 272.750000  33.0  65.81 0.000
272.750000 272.791667  32.9  65.68 0.000
272.791667 272.833333  32.4  64.59 0.000
272.833333 272.875000  32.2  64.19 0.000
272.875000 272.916667  32.5  64.78 0.000
272.916667 272.958333  32.6  65.03 0.000
272.958333 273.000000  32.7  65.20 0.000
273.000000 273.041667  32.5  64.83 0.000
273.041667 273.083333  32.4  64.74 0.000
273.083333 273.125000  32.1  64.15 0.000
273.125000 273.166667  32.0  63.79 0.000
273.166667 273.208333  31.7  63.26 0.000
273.208333 273.250000  33.2  66.15 0.000
273.250000 273.291667  35.9  71.54 0.000
273.291667 273.333333  36.1  72.01 0.000
273.333333 273.375000  36.3  72.50 0.000
273.375000 273.416667  36.7  73.20 0.000
273.416667 273.458333  36.9  73.68 0.000
273.458333 273.500000  36.7  73.16 0.000
273.500000 273.541667  36.3  72.50 0.000
273.541667 273.583333  36.1  72.08 0.000
273.583333 273.625000  35.7  71.14 0.000
273.625000 273.666667  35.4  70.73 0.000
273.666667 273.708333  35.3  70.36 0.000
273.708333 273.750000  35.0  69.74 0.000
273.750000 273.791667  35.6  70.95 0.000
273.791667 273.833333  34.9  69.63 0.000
273.833333 273.875000  34.5  68.75 0.000
273.875000 273.916667  34.7  69.33 0.000
273.916667 273.958333  35.0  69.88 0.000
273.958333 274.000000  35.0  69.85 0.000
274.000000 274.041667  34.8  69.52 0.000
274.041667 274.083333  35.1  70.00 0.000
274.083333 274.125000  35.4  70.69 0.000
274.125000 274.166667  35.2  70.14 0.000
274.166667 274.208333  34.7  69.24 0.000
274.208333 274.250000  34.1  68.09 0.000
274.250000 274.291667  33.6  66.98 0.000
274.291667 274.333333  33.5  66.85 0.000
274.333333 274.375000  33.4  66.55 0.000
274.375000 274.416667  33.3  66.48 0.000
274.416667 274.458333  33.0  65.80 0.000
274.458333 274.500000  32.7  65.33 0.000
274.500000 274.541667  32.5  64.91 0.000
274.541667 274.583333  32.2  64.31 0.000
274.583333 274.625000  32.5  64.83 0.000
274.625000 274.666667  32.9  65.58 0.000
274.666667 274.708333  32.9  65.55 0.000
274.708333 274.750000  32.3  64.37 0.000
274.750000 274.791667  32.2  64.27 0.000
274.791667 274.833333  31.9  63.66 0.000
274.833333 274.875000  31.2  62.34 0.000
274.875000 274.916667  32.2  64.16 0.000
274.916667 274.958333  32.4  64.60 0.000
274.958333 275.000000  32.1  64.01 0.000
275.000000 275.041667  31.0  61.90 0.000
275.041667 275.083333  30.4  60.56 0.000
275.083333 275.125000  30.0  59.95 0.000
275.125000 275.166667  30.3  60.53 0.000
275.166667 275.208333  30.2  60.16 0.000
275.208333 275.250000  29.6  59.04 0.000
275.250000 275.291667  29.0  57.88 0.000
275.291667 275.333333  28.4  56.64 0.000
275.333333 275.375000  27.9  55.73 0.000
275.375000 275.416667  28.3  56.48 0.000
275.416667 275.458333  29.5  58.82 0.000
275.458333 275.500000  31.2  62.28 0.000
275.500000 275.541667  31.7  63.17 0.000
275.541667 275.583333  33.8  67.43 0.000
275.583333 275.625000  33.4  66.71 0.000
275.625000 275.666667  33.2  66.32 0.000
275.666667 275.708333  32.9  65.73 0.000
275.708333 275.750000  33.5  66.85 0.000
275.750000 275.791667  34.1  68.14 0.000
275.791667 275.833333  34.5  68.91 0.000
275.833333 275.875000  34.2  68.29 0.000
275.875000 275.916667  33.5  66.89 0.000
275.916667 275.958333  32.7  65.18 0.000
275.958333 276.000000  31.9  63.59 0.000
277.000000 277.041667  32.8  65.36 0.000
277.041667 277.083333  32.6  65.06 0.000
277.083333 277.125000  32.5  64.83 0.000
277.125000 277.166667  32.6  65.00 0.000
277.166667 277.208333  32.8  65.38 0.000
277.208333 277.250000  32.9  65.69 0.000
277.250000 277.291667  33.3  66.39 0.000
277.291667 277.333333  33.1  66.03 0.000
277.333333 277.375000  32.7  65.26 0.000
277.375000 277.416667  32.4  64.70 0.000
277.416667 277.458333  31.8  63.46 0.000
277.458333 277.500000  31.6  63.10 0.000
277.500000 277.541667  31.5  62.83 0.000
277.541667 277.583333  31.5  62.89 0.000
277.583333 277.625000  31.4  62.70 0.000
277.625000 277.666667  31.4  62.65 0.000
277.666667 277.708333  31.2  62.29 0.000
277.708333 277.750000  31.1  62.15 0.000
277.750000 277.791667  31.2  62.33 0.000
277.791667 277.833333  31.5  62.94 0.000
277.833333 277.875000  31.3  62.43 0.000
277.875000 277.916667  30.9  61.58 0.000
277.916667 277.958333  30.7  61.33 0.000
